$ANSIBLE_VAULT;1.1;AES256
65643631333537393536363330343331656163336536396462393762363038303438306561323338
6236663265663164623739656136383366363733313561640a353231393232356266323232326437
32376637616433346530663063396230363365633161376338306366613366363838393164356164
6561306138333264330a613632623630613063356537643038303537363338646330633961643564
62343332363363333963333561613038313332343763353232626564326163666666353430663433
36343432326235656361336264663837333434356464323135636462373538353735383839336439
30373163316437353437303338663033386462306262396166666566366364656561353938303366
32626530353432633664373336623133633031616336616466333838656333373636353534373565
66373536396333653731653232636533356531396137343339636561353639303138633537623563
62646338356437626366323166316230613664623665643830353361653562376166646563336330
65393136636362353231633638336533613263376431663363353134323563316235633334386164
61343630643562663964613139343137393361356562346239333032366136303865653730613265
65346239643762363437343138363934303637623962383165666636613839343865383461383164
37393839633831663731333637626463363062343934343163326563633362636166616664633165
63316238366163633733316237663062383832653834313536363738323335613562383532333463
37346466316137333438616232326265623137383238663439316666346636366665363763353665
65376264356436366165306436666536363837326166353766636438663061616639623338326137
64363238303932623531343962633734316565316663346637653861313139316165303865396230
37633130663465333661653563303730623632333062663239303566313131633331343834303536
61353638356232643966353264623938636365346331333434363939376434343966376366623063
39343763303363353939623962613733666132323762613235303930636436623561326566333936
3866383863313135393333396134646433356261393063643037
